1 5
1 16
1 18
1 19
1 24
1 42
1 46
1 48
1 65
1 68
3 47
4 6
4 9
4 15
4 21
4 22
4 25
4 36
4 44
4 51
4 55
4 64
4 66
5 16
5 18
5 19
5 24
5 29
5 35
5 42
5 46
5 48
5 65
5 68
6 15
6 20
6 21
6 22
6 25
6 26
6 36
6 44
6 48
6 51
6 55
6 59
6 64
6 66
7 17
7 42
7 63
8 65
9 15
9 21
9 22
9 36
9 44
9 51
9 55
9 59
9 64
9 66
10 57
11 51
12 46
14 26
14 37
14 46
14 54
14 61
15 20
15 21
15 22
15 25
15 51
15 55
15 59
15 64
15 66
16 18
16 19
16 24
16 29
16 42
16 46
16 48
16 50
16 65
18 19
18 24
18 29
18 42
18 46
18 48
18 50
18 65
18 68
19 24
19 29
19 30
19 42
19 48
19 50
19 65
19 68
20 21
20 22
20 25
20 36
20 44
20 51
20 55
20 59
20 64
20 66
21 22
21 25
21 36
21 41
21 44
21 51
21 55
21 59
21 64
21 66
22 25
22 36
22 44
22 51
22 55
22 59
22 64
22 66
23 39
23 54
23 56
24 29
24 42
24 46
24 48
24 50
24 58
24 65
24 68
25 32
25 36
25 44
25 51
25 55
25 59
25 64
25 66
27 68
28 34
28 67
29 42
29 46
29 48
29 50
29 57
29 65
29 68
31 34
31 68
34 58
36 44
36 51
36 55
36 59
36 66
37 54
37 61
39 40
39 56
42 46
42 48
42 65
42 68
44 51
44 55
44 59
44 64
44 66
45 61
46 48
46 50
46 65
46 68
48 50
48 65
48 68
49 59
50 65
50 68
51 55
51 59
51 64
51 66
51 67
54 61
55 59
55 64
55 66
59 64
59 66
64 66
65 68
