0 -1
1 -1
2 -1
3 -1
4 6
5 6
6 3
7 3
8 -1
9 5
10 -1
11 1
12 -1
13 -1
14 2
15 3
16 6
17 6
18 -1
19 -1
20 -1
21 3
22 2
23 1
24 7
25 -1
26 5
27 4
28 5
29 5
30 -1
31 7
32 5
33 3
34 -1
35 5
36 -1
37 6
38 4
39 -1
40 -1
41 7
42 -1
43 7
44 4
45 5
46 -1
47 -1
48 -1
49 5
50 6
51 -1
52 3
53 3
54 -1
55 -1
56 2
57 5
58 -1
59 -1
60 4
61 6
62 7
63 4
64 -1
65 7
66 -1
67 3
68 3
69 1
70 -1
71 -1
72 -1
73 1
74 6
75 5
76 3
77 7
78 -1
79 -1
80 4
81 4
82 -1
83 3
84 -1
85 -1
86 5
87 5
88 -1
89 -1
90 -1
91 6
92 6
93 7
94 3
95 -1
96 -1
97 -1
98 -1
99 7
100 -1
101 6
102 4
103 3
104 6
105 1
106 -1
107 -1
108 1
109 5
110 5
111 -1
112 7
113 5
114 7
115 -1
116 7
117 3
118 -1
119 -1
120 2
121 3
122 -1
123 -1
124 1
125 5
126 -1
127 3
128 -1
129 -1
130 3
131 3
132 3
133 -1
134 1
135 5
136 -1
137 5
138 3
139 5
140 -1
141 7
142 4
143 4
144 -1
145 4
146 5
147 -1
148 -1
149 6
150 7
151 -1
152 7
153 -1
154 6
155 1
156 -1
157 7
158 7
159 5
160 -1
161 3
162 -1
163 2
164 4
165 5
166 -1
167 5
168 5
169 -1
170 7
171 -1
172 -1
173 -1
174 -1
175 -1
176 -1
177 5
178 5
179 6
180 1
181 -1
182 1
183 -1
184 -1
185 4
186 -1
187 -1
188 -1
189 4
190 -1
191 -1
192 -1
193 -1
194 -1
195 -1
196 -1
197 5
198 -1
199 -1
