0 -1
1 -1
2 5
3 1
4 2
5 5
6 2
7 -1
8 2
9 -1
10 -1
11 3
12 -1
13 -1
14 1
15 5
16 3
17 1
18 -1
19 -1
20 -1
21 -1
22 -1
23 3
24 3
25 2
26 4
27 3
28 -1
29 -1
30 1
31 1
32 -1
33 5
34 3
35 5
36 2
37 -1
38 -1
39 1
40 2
41 3
42 5
43 5
44 1
45 -1
46 -1
47 1
48 5
49 2
50 4
51 3
52 3
53 1
54 -1
55 -1
56 4
57 3
59 4
60 2
61 5
62 3
63 3
64 5
65 -1
66 -1
67 3
68 -1
69 -1
70 3
71 -1
72 -1
73 2
74 4
75 -1
76 5
77 -1
78 2
79 -1
80 4
81 5
82 -1
83 1
84 1
85 1
86 -1
87 -1
88 -1
89 -1
90 3
91 3
92 1
93 3
94 -1
95 3
96 -1
97 2
98 5
99 2
