0 3
1 -1
2 -1
3 7
4 -1
5 -1
6 4
7 -1
8 4
9 -1
10 -1
11 6
12 -1
13 1
14 -1
15 5
16 -1
17 5
18 5
19 5
20 -1
21 4
22 1
23 7
24 6
25 -1
26 -1
27 -1
28 -1
29 -1
30 1
31 -1
32 -1
33 7
34 1
35 7
36 7
37 -1
38 7
39 -1
40 6
41 4
42 -1
43 -1
44 5
45 5
46 -1
47 -1
48 -1
49 -1
50 7
51 -1
52 -1
53 5
54 -1
55 -1
56 2
57 5
58 -1
59 -1
60 3
61 7
62 3
63 5
64 -1
65 -1
66 -1
67 6
68 5
69 -1
70 -1
71 5
72 3
73 -1
74 2
75 -1
76 1
77 7
78 1
79 3
80 7
81 -1
82 6
83 5
84 5
85 3
86 6
87 -1
88 3
89 -1
90 5
91 -1
92 2
93 -1
94 -1
95 4
96 3
97 1
98 -1
99 7
100 -1
101 3
102 -1
103 -1
104 7
105 5
106 5
107 -1
108 1
109 -1
110 3
111 4
112 -1
113 6
114 5
115 -1
116 -1
117 5
118 -1
119 4
120 4
121 -1
122 -1
123 7
124 6
125 5
126 -1
127 -1
128 -1
129 -1
130 1
131 -1
132 1
133 -1
134 6
135 7
136 -1
137 6
138 4
139 4
140 2
141 5
142 5
143 -1
144 3
145 7
146 -1
147 -1
148 -1
149 -1
150 -1
151 3
152 -1
153 -1
154 -1
155 3
156 3
157 6
158 3
159 -1
160 -1
161 3
162 -1
163 -1
164 -1
165 3
166 -1
167 -1
168 3
169 -1
170 6
171 3
172 -1
173 6
174 6
175 5
176 4
177 7
178 5
179 3
180 -1
181 3
182 5
183 5
184 1
185 6
186 4
187 -1
188 4
189 4
190 -1
191 -1
192 7
193 -1
194 5
195 7
196 5
197 -1
198 -1
199 2
